#Parameters = {charge_param=1e-09; time_step_stability_factor=0.5; cond=1000; wakelength=10000; cpw=10}
#"Frequency / GHz"	"Z (90) [Re / Ohm]"	"Z (90) [Im / Ohm]"
#---------------------------------------------------------
0.0000000000000	-1.0987212689757	1.2358793939798e-10
0.0010239144611436	0.60938960549107	1.1840009165152
0.0020478289222872	0.51323733655573	-0.48915726930611
0.0030717433834308	-0.95708401826577	0.88810958836420
0.0040956578445743	0.90455786615464	1.7326713878168
0.0051195723057179	0.51672159532225	0.042058020263305
0.0061434867668615	-0.77811438585000	1.5957843336862
0.0071674012280051	1.1376946237845	2.1327305958997
0.0081913156891487	0.44819060979592	0.51752921639918
0.0092152301502923	-0.63830771824587	2.2534649638996
0.010239144611436	1.2991824510892	2.4979543233851
0.011263059072579	0.33688415406006	1.0122574362415
0.012286973533723	-0.50519487854802	2.9003221337767
0.013310887994867	1.4174387146274	2.8531645575347
0.014334802456010	0.21076503756810	1.5362470906829
0.015358716917154	-0.36260165081837	3.5366191172356
0.016382631378297	1.5039705607807	3.2021371698156
0.017406545839441	0.083191535944119	2.0879978827349
0.018430460300585	-0.20603120478390	4.1577024818025
0.019454374761728	1.5625554225196	3.5466831818739
0.020478289222872	-0.038552420175248	2.6647970353623
0.021502203684015	-0.035734543309272	4.7594157541856
0.022526118145159	1.5943924134225	3.8892220871560
0.023550032606302	-0.14963648401066	3.2639897705115
0.024573947067446	0.14602689598258	5.3386768710066
0.025597861528590	1.6000474809311	4.2328238883917
0.026621775989733	-0.24637692402550	3.8829475892595
0.027645690450877	0.33605521034882	5.8933821996377
0.028669604912020	1.5801895432204	4.5809503889937
0.029693519373164	-0.32576748444905	4.5189380903629
0.030717433834308	0.53069978463609	6.4222763267026
0.031741348295451	1.5358832376512	4.9372132984949
0.032765262756595	-0.38531840893830	5.1690413985795
0.033789177217738	0.72611498464584	6.9248539338496
0.034813091678882	1.4686994068721	5.3051743397486
0.035837006140025	-0.42302120605057	5.8301062470005
0.036860920601169	0.91840300218872	7.4012818931095
0.037884835062313	1.3807163597524	5.6881982940857
0.038908749523456	-0.43736528926166	6.4987724903693
0.039932663984600	1.1037299713878	7.8523556782930
0.040956578445743	1.2744961580067	6.0893359155735
0.041980492906887	-0.42736145987142	7.1715090620677
0.043004407368031	1.2784168722740	8.2794525681374
0.044028321829174	1.1530280322282	6.5112297736905
0.045052236290318	-0.39257000042715	7.8446738167957
0.046076150751461	1.4390156379946	8.6844899904082
0.047100065212605	1.0196564873523	6.9560479723645
0.048123979673749	-0.33311412416625	8.5145917765737
0.049147894134892	1.5823864669575	9.0698785777571
0.050171808596036	0.87800277623321	7.4254279882217
0.051195723057179	-0.24968619738091	9.1776352726504
0.052219637518323	1.7057625926584	9.4384713514431
0.053243551979466	0.73188009317504	7.9204427645819
0.054267466440610	-0.14353447771767	9.8303104538349
0.055291380901754	1.8068154015553	9.7935021761303
0.056315295362897	0.58520702445803	8.4415718259337
0.057339209824041	-0.016444565612391	10.469334648788
0.058363124285184	1.8836980666014	10.138519722985
0.059387038746328	0.44191479667006	8.9887003513909
0.060410953207472	0.12930235422784	11.091720976035
0.061434867668615	1.9350932208790	10.477310431917
0.062458782129759	0.30585557058345	9.5611187083032
0.063482696590902	0.29097158916475	11.694852967831
0.064506611052046	1.9602431002924	10.813826874757
0.065530525513189	0.18072232593059	10.157545991106
0.066554439974333	0.46544315377624	12.276546185987
0.067578354435477	1.9589709651809	11.152095354908
0.068602268896620	0.069960309425448	10.776154884495
0.069626183357764	0.64927430240298	12.835103090879
0.070650097818907	1.9316833374345	11.496132859764
0.071674012280051	-0.023313113732346	11.414620097243
0.072697926741195	0.83877922796342	13.369363550603
0.073721841202338	1.8793715429133	11.849861811927
0.074745755663482	-0.096374066832535	12.070166519513
0.075769670124625	1.0301095170326	13.878729503855
0.076793584585769	1.8035851646473	12.217023029328
0.077817499046912	-0.14695985498463	12.739638956644
0.078841413508056	1.2193432420382	14.363191724943
0.079865327969200	1.7064072594811	12.601095794976
0.080889242430343	-0.17331620732309	13.419571523666
0.081913156891487	1.4025759663687	14.823330696784
0.082937071352630	1.5904088904595	13.005214791064
0.083960985813774	-0.17424585241527	14.106263768956
0.084984900274918	1.5760014897128	15.260313556080
0.086008814736061	1.4585926258388	13.432110267260
0.087032729197205	-0.14913051484262	14.795873560067
0.088056643658348	1.7360100314109	15.675872389823
0.089080558119492	1.3143330954715	13.884037163915
0.090104472580635	-0.097952131564090	15.484496432157
0.091128387041779	1.8792623231281	16.072269538208
0.092152301502923	1.1612976185924	14.362729725995
0.093176215964066	-0.021295407197200	16.168263369606
0.094200130425210	2.0027730327541	16.452255490023
0.095224044886353	1.0033704175220	14.869359096452
0.096247959347497	0.079661972445172	16.843427612417
0.097271873808641	2.1039798161600	16.819012902881
0.098295788269784	0.84456975095650	15.404506820686
0.099319702730928	0.20317679503327	17.506448093849
0.10034361719207	2.1808019860495	17.176081444837
0.10136753165321	0.68894753754829	15.968147341350
0.10239144611436	0.34696708592443	18.154082761929
0.10341536057550	2.2316957058396	17.527296554680
0.10443927503665	0.54051346545734	16.559649123334
0.10546318949779	0.50826886271899	18.783453734917
0.10648710395893	2.2556850080625	17.876694511100
0.10751101842008	0.40312938454666	17.177789847130
0.10853493288122	0.68389261617563	19.392133515411
0.10955884734236	2.2524036554624	18.228434708874
0.11058276180351	0.28043773657484	17.820771280484
0.11160667626465	0.87029028400484	19.978185219599
0.11263059072579	2.2220894800819	18.586701230033
0.11365450518694	0.17576245279751	18.486269847273
0.11467841964808	1.0636350815579	20.540230450725
0.11570233410923	2.1655984548672	18.955617857058
0.11672624857037	0.092043379620681	19.171480928530
0.11775016303151	1.2599082835999	21.077477075734
0.11877407749266	2.0843870257626	19.339149621061
0.11979799195380	0.031760994469918	19.873176778240
0.12082190641494	1.4549808283847	21.589744396734
0.12184582087609	1.9804775651785	19.741020476552
0.12286973533723	-0.0031235599828654	20.587789193473
0.12389364979837	1.6447153320480	22.077483372113
0.12491756425952	1.8564320360124	20.164627172263
0.12594147872066	-0.011209659276086	21.311475675398
0.12696539318180	1.8250527300251	22.541759524680
0.12798930764295	1.7152830011307	20.612958710474
0.12901322210409	0.0082943302962571	22.040216753077
0.13003713656524	1.9921058262730	22.984251950135
0.13106105102638	1.5604808116168	21.088535564210
0.13208496548752	0.055559474964761	22.769905127086
0.13310887994867	2.1422549166698	23.407215424583
0.13413279440981	1.3958201229320	21.593341874267
0.13515670887095	0.13012232198901	23.496432303446
0.13618062333210	2.2722235252719	23.813433183733
0.13720453779324	1.2253469786993	22.128780167558
0.13822845225438	0.23088162424811	24.215793621161
0.13925236671553	2.3791568071427	24.206176033487
0.14027628117667	1.0532820665460	22.695647481682
0.14130019563781	0.35613511930019	24.924181457609
0.14232411009896	2.4607033940383	24.589121206523
0.14334802456010	0.88392528991634	23.294093296732
0.14437193902125	0.50359524897495	25.618063576305
0.14539585348239	2.5150545355390	24.966280465326
0.14641976794353	0.72155116887233	23.923627721409
0.14744368240468	0.67043995777864	26.294282692707
0.14846759686582	2.5410020701151	25.341920515893
0.14949151132696	0.57032062720345	24.583124853288
0.15051542578811	0.85337313218864	26.950129047153
0.15153934024925	2.5379719364784	25.720469490176
0.15256325471039	0.43418693829948	25.270842561205
0.15358716917154	1.0486951733042	27.583405465035
0.15461108363268	2.5060417982795	26.106416335414
0.15563499809382	0.31679780265286	25.984455890437
0.15665891255497	1.2523764149316	28.192489601015
0.15768282701611	2.4459467039273	26.504219640536
0.15870674147726	0.22141432680827	26.721109195007
0.15973065593840	1.4601489395493	28.776378714103
0.16075457039954	2.3590717952950	26.918206274091
0.16177848486069	0.15083216980326	27.477474660491
0.16280239932183	1.6675982298167	29.334721558512
0.16382631378297	2.2474275118046	27.352476122265
0.16485022824412	0.10731396967249	28.249825929000
0.16587414270526	1.8702631691965	29.867835521782
0.16689805716640	2.1136106576343	27.810805339103
0.16792197162755	0.092524604382733	29.034118309854
0.16894588608869	2.0637276093544	30.376717983788
0.16996980054984	1.9607542151483	28.296575712285
0.17099371501098	0.10750278189783	29.826090349646
0.17201762947212	2.2437437643154	30.863028761309
0.17304154393327	1.7924750905649	28.812671439055
0.17406545839441	0.15261740908656	30.621332535443
0.17508937285555	2.4062994977303	31.329054750132
0.17611328731670	1.6127711202638	29.361428208838
0.17713720177784	0.22754618330968	31.415419472710
0.17816111623898	2.5477317170907	31.777691452839
0.17918503070013	1.4259614759899	29.944574918792
0.18020894516127	0.33128500723703	32.203995603089
0.18123285962241	2.6648079352654	32.212375759979
0.18225677408356	1.2365851907141	30.563189842900
0.18328068854470	0.46216246843804	32.982882456141
0.18430460300585	2.7548117377249	32.637016157076
0.18532851746699	1.0493018915399	31.217659395756
0.18635243192813	0.61785603361709	33.748170019049
0.18737634638928	2.8155936630379	33.055919683172
0.18840026085042	0.86877983397754	31.907682441387
0.18942417531156	0.79544496963164	34.496333591431
0.19044808977271	2.8456522139663	33.473711824371
0.19147200423385	0.69961450821249	32.632256843260
0.19249591869499	0.99147268438231	35.224294358711
0.19351983315614	2.8441591956691	33.895219008069
0.19454374761728	0.54619833021314	33.389695605936
0.19556766207842	1.2020028799889	35.929515774270
0.19659157653957	2.8109910429841	34.325382875961
0.19761549100071	0.41262722802064	34.177664272445
0.19863940546186	1.4227047400616	36.610073051215
0.19966331992300	2.7467438186616	34.769159317365
0.20068723438414	0.30261371118601	34.993234045026
0.20171114884529	1.6489610258596	37.264704750770
0.20273506330643	2.6527381491607	35.231391370805
0.20375897776757	0.21938462516006	35.832923612206
0.20478289222872	1.8759443349362	37.892855531650
0.20580680668986	2.5309888738937	35.716721823085
0.20683072115100	0.16561104309643	36.692791897436
0.20785463561215	2.0987422404477	38.494704541540
0.20887855007329	2.3841804995801	36.229474842756
0.20990246453443	0.14333341619481	37.568509005788
0.21092637899558	2.3124530457385	39.071173381541
0.21195029345672	2.2156066801501	36.773564492506
0.21297420791787	0.15390281960892	38.455463429721
0.21399812237901	2.5123026140366	39.623931714184
0.21502203684015	2.0291177423343	37.352406429638
0.21604595130130	0.19794823088136	39.348857696844
0.21706986576244	2.6937522789130	40.155364694896
0.21809378022358	1.8290323204054	37.968832913840
0.21911769468473	0.27534120596134	40.243825454647
0.22014160914587	2.8526071894416	40.668548074177
0.22116552360701	1.6200601366453	38.625028617305
0.22218943806816	0.38519686171233	41.135536907127
0.22321335252930	2.9851165642586	41.167182363802
0.22423726699045	1.4071927562902	39.322468021566
0.22526118145159	0.52587058362907	42.019316121349
0.22628509591273	3.0880624097891	41.655532941455
0.22730901037388	1.1955975869106	40.061880404255
0.22833292483502	0.69498362924569	42.890758036471
0.22935683929616	3.1588457136864	42.138354295964
0.23038075375731	0.99051524327715	40.843226907103
0.23140466821845	0.88947402828400	43.745827835873
0.23242858267959	3.1955535127657	42.620780040559
0.23345249714074	0.79712552698296	41.665684938945
0.23447641160188	1.1056362746836	44.580974860355
0.23550032606302	3.1970147147250	43.108239890635
0.23652424052417	0.62044587408651	42.527668295839
0.23754815498531	1.3392092439696	45.393220835982
0.23857206944646	3.1628454961260	43.606334010408
0.23959598390760	0.46520962942804	43.426841577708
0.24061989836874	1.5854493412620	46.180237681409
0.24164381282989	3.0934589137286	44.120719930774
0.24266772729103	0.33574580860545	44.360178220043
0.24369164175217	1.8392329366710	46.940435654896
0.24471555621332	2.9900887325793	44.657000148469
0.24573947067446	0.23589067380496	45.324011315308
0.24676338513560	2.0951645338554	47.673001371320
0.24778729959675	2.8547633783697	45.220593670481
0.24881121405789	0.16888066384393	46.314119288801
0.24983512851903	2.3476981328814	48.377951199862
0.25085904298018	2.6902919058472	45.816616613485
0.25188295744132	0.13727501621848	47.325799931215
0.25290687190247	2.5912472957618	49.056137831159
0.25393078636361	2.5001948368121	46.449768124547
0.25495470082475	0.14287064011747	48.353991716770
0.25597861528590	2.8203157929753	49.709278698189
0.25700252974704	2.2886623590074	47.124233954436
0.25802644420818	0.18666863881329	49.393376224193
0.25905035866933	3.0296281500923	50.339918761682
0.26007427313047	2.0604595092345	47.843571479928
0.26109818759161	0.26881409643989	50.438500574518
0.26212210205276	3.2142421116582	50.951414087836
0.26314601651390	1.8208368595901	48.610639904315
0.26416993097504	0.38858782435915	51.483909279149
0.26519384543619	3.3696763892853	51.547876332586
0.26621775989733	1.5754258559167	49.427521252597
0.26724167435848	0.54440283119984	52.524268772004
0.26826558881962	3.4920191286574	52.134099846061
0.26928950328076	1.3301151924203	50.295459109818
0.27031341774191	0.73380899182873	53.554496656697
0.27133733220305	3.5780159136305	52.715487799978
0.27236124666419	1.0909235865303	51.214839926636
0.27338516112534	0.95354394269224	54.569905201943
0.27440907558648	3.6251801975908	53.297952795847
0.27543299004762	0.86388294834883	52.185156866447
0.27645690450877	1.1995857761177	55.566302620907
0.27748081896991	3.6318505969179	53.887792977418
0.27850473343106	0.65488611704852	53.205013396739
0.27952864789220	1.4672185071876	56.540121280739
0.28055256235334	3.5972530352841	54.491580528969
0.28157647681449	0.46956138728227	54.272143412998
0.28260039127563	1.7511234788769	57.488514784887
0.28362430573677	3.5215329247855	55.116028030126
0.28464822019792	0.31313567996043	55.383456463111
0.28567213465906	2.0454862195733	58.409454964424
0.28669604912020	3.4057781620840	55.767852991750
0.28771996358135	0.19030864401055	56.535096948795
0.28874387804249	2.3441145777517	59.301811221831
0.28976779250363	3.2520241383416	56.453643323899
0.29079170696478	0.10514557943538	57.722519653202
0.29181562142592	2.6405730376480	60.165397521183
0.29283953588707	3.0632268365103	57.179707377310
0.29386345034821	0.060961920793076	58.940582023274
0.29488736480935	2.9283137164363	61.001013232747
0.29591127927050	2.8432153662185	57.951940016269
0.29693519373164	0.060224957562521	60.183659298804
0.29795910819278	3.2008154575784	61.810470742457
0.29898302265393	2.5966320207207	58.775704212233
0.30000693711507	0.10448846992876	61.445775714084
0.30103085157621	3.4517404355211	62.596588707488
0.30205476603736	2.3288506250765	59.655701523004
0.30307868049850	0.19432821232963	62.720739583580
0.30410259495964	3.6750786348126	63.363175344684
0.30512650942079	2.0458848569705	60.595867784791
0.30615042388193	0.32931386352943	64.002281524717
0.30717433834308	3.8652898855363	64.114968534644
0.30819825280422	1.7542583577752	61.599269597488
0.30922216726536	0.50797565476778	65.284209483472
0.31024608172651	4.0174305347089	64.857583148069
0.31126999618765	1.4608747556850	62.668043272779
0.31229391064879	0.72781986097005	66.560575368085
0.31331782510994	4.1272963069123	65.597427648610
0.31434173957108	1.1728891042917	63.803327292005
0.31536565403222	0.98535889123324	67.825811574944
0.31638956849337	4.1915238060437	66.341585010607
0.31741348295451	0.89753548320137	65.005225901844
0.31843739741565	1.2761475038346	69.074899356582
0.31946131187680	4.2076944709018	67.097714083002
0.32048522633794	0.64199037453829	66.272804905898
0.32150914079909	1.5948751699801	70.303503335742
0.32253305526023	4.1744206106850	67.873893515335
0.32355696972137	0.41320166505736	67.604085657786
0.32458088418252	1.9354443887533	71.508103564107
0.32560479864366	4.0913970392934	68.678479649501
0.32662871310480	0.21772476166085	68.996084272889
0.32765262756595	2.2910811476671	72.686122651689
0.32867654202709	3.9594392501707	69.519956596600
0.32970045648823	0.061569072164143	70.444876949555
0.33072437094938	2.6544742220740	73.836038896264
0.33174828541052	3.7805136502848	70.406773188453
0.33277219987167	-0.049939583291704	71.945668150921
0.33379611433281	3.0179195115998	74.957456517241
0.33482002879395	3.5577152894403	71.347167902950
0.33584394325510	-0.11231249743965	73.492898016608
0.33686785771624	3.3734744921083	76.051186648980
0.33789177217738	3.2952435468728	72.349014310902
0.33891568663853	-0.12201132757023	75.080364343550
0.33993960109967	3.7131317103840	77.119284164238
0.34096351556081	2.9983441420577	73.419653660291
0.34198743002196	-0.076559427947662	76.701358546878
0.34301134448310	4.0289858189987	78.165063878633
0.34403525894424	2.6732157679387	74.565745070107
0.34505917340539	0.025360951419701	78.348837487986
0.34608308786653	4.3134163680526	79.193116022894
0.34710700232768	2.3269276665816	75.793135656656
0.34813091678882	0.18386680551406	80.015583813396
0.34915483124996	4.5592704408921	80.209249216146
0.35017874571111	1.9672760862508	77.106715165233
0.35120266017225	0.39780808688738	81.694390537323
0.35222657463339	4.7600233642543	81.220452708724
0.35325048909454	1.6026434185335	78.510326351580
0.35427440355568	0.66476434496338	83.378258875092
0.35529831801682	4.9099558046976	82.234814061241
0.35632223247797	1.2418436701330	80.006671354192
0.35734614693911	0.98105790407223	85.060581634428
0.35837006140025	5.0043023001403	83.261403290176
0.35939397586140	0.89393209705064	81.597242634625
0.36041789032254	1.3417748196929	86.735343950268
0.36144180478369	5.0393825250974	84.310165858261
0.36246571924483	0.56802877680969	83.282305565360
0.36348963370597	1.7408531045597	88.397317692786
0.36451354816712	5.0127390549935	85.391760142101
0.36553746262826	0.27312117699679	85.060864883736
0.36656137708940	2.1711534748456	90.042232795536
0.36758529155055	4.9232152646771	86.517404292626
0.36860920601169	0.017862968604806	86.930705438719
0.36963312047283	2.6245913308919	91.666961715487
0.37065703493398	4.7710461176367	87.698694037518
0.37168094939512	-0.18961944549912	88.888427201777
0.37270486385627	3.0922705422431	93.269665934829
0.37372877831741	4.5578942142811	88.947413671474
0.37475269277855	-0.34192946050441	90.929532774994
0.37577660723970	3.5646475486110	94.849949089202
0.37680052170084	4.2868838477493	90.275350887147
0.37782443616198	-0.43256550657884	93.048529024017
0.37884835062313	4.0317214404061	96.408950882330
0.37987226508427	3.9625744302414	91.694075799409
0.38089617954541	-0.45612538607196	95.239063963332
0.38192009400656	4.4832130001557	97.949467577728
0.38294400846770	3.5909296949362	93.214775695963
0.38396792292884	-0.40843587179280	97.494102018446
0.38499183738999	4.9087971811554	99.476009857297
0.38601575185113	3.1792533603541	94.848050039850
0.38703966631228	-0.28668925282589	99.806105188476
0.38806358077342	5.2983267418797	100.99483576738
0.38908749523456	2.7360890815304	96.603715315523
0.39011140969571	-0.089571600572939	102.16722998925
0.39113532415685	5.6420332372130	102.51396436005
0.39215923861799	2.2710779821460	98.490659756623
0.39318315307914	0.18265530952528	104.56957982329
0.39420706754028	5.9307667835652	104.04316700767
0.39523098200142	1.7948143266867	100.51669720617
0.39625489646257	0.52810338576990	107.00545117205
0.39727881092371	6.1562257974378	105.59391802539
0.39830272538485	1.3186725298092	102.68843758513
0.39932663984600	0.94323297769580	109.46758406106
0.40035055430714	6.3111665935281	107.17931134579
0.40137446876829	0.85459845240023	105.01118736050
0.40239838322943	1.4228493268577	111.94943113687
0.40342229769057	6.3895946459789	108.81396706269
0.40444621215172	0.41489086707897	107.48890408895
0.40547012661286	1.9601646560895	114.44544301510
0.40649404107400	6.3869750610260	110.51388693996
0.40751795553515	0.011964140806399	110.12412950457
0.40854186999629	2.5468343336843	116.95132361244
0.40956578445743	6.3003550311046	112.29632832027
0.41058969891858	-0.34190168867168	112.91804750795
0.41161361337972	3.1731050590771	119.46433526177
0.41263752784086	6.1285517587470	114.17962157420
0.41366144230201	-0.63479946629764	115.87048625383
0.41468535676315	3.8279289092592	121.98353247655
0.41570927122430	5.8722286476709	116.18299190951
0.41673318568544	-0.85546247249119	118.98003367331
0.41775710014658	4.4991478000349	124.51003957908
0.41878101460773	5.5339975991836	118.32636919598
0.41980492906887	-0.99350359894972	122.24415510406
0.42082884353001	5.1736908299208	127.04727647516
0.42185275799116	5.1184508863180	120.63018406301
0.42287667245230	-1.0396771577073	125.65937885504
0.42390058691344	5.8377986334240	129.60121002554
0.42492450137459	4.6321957170296	123.11519163617
0.42594841583573	-0.98608144612027	129.22150883623
0.42697233029688	6.4772831151902	132.18053545282
0.42799624475802	4.0838146163397	125.80226110671
0.42902015921916	-0.82640377642147	132.92588856146
0.43004407368031	7.0777727486075	134.79689172907
0.43106798814145	3.4838066939507	128.71224258154
0.43209190260259	-0.55608627469128	136.76774346536
0.43311581706374	7.6250413571473	137.46504376559
0.43413973152488	2.8445382399523	131.86579571277
0.43516364598602	-0.17247483038091	140.74248480460
0.43618756044717	8.1052759620715	140.20298872088
0.43721147490831	2.1800598941161	135.28326122958
0.43823538936945	0.32500106165531	144.84614248121
0.43925930383060	8.5053722683844	143.03214822474
0.44028321829174	1.5059757907136	138.98461976326
0.44130713275289	0.93476216061248	149.07581441573
0.44233104721403	8.8132562339070	145.97748522095
0.44335496167517	0.83925852744737	142.98945556979
0.44437887613632	1.6530186935805	153.43015592490
0.44540279059746	9.0181915922430	149.06762455965
0.44642670505860	0.19803716379054	147.31697754201
0.44745061951975	2.4737349462952	157.90990805682
0.44847453398089	9.1110531414365	152.33498478710
0.44949844844203	-0.39865144040534	151.98614445120
0.45052236290318	3.3886521508960	162.51851534160
0.45154627736432	9.0846307576155	155.81593790934
0.45257019182546	-0.93108875866064	157.01585300069
0.45359410628661	4.3873663276399	167.26275895833
0.45461802074775	8.9338999664224	159.55095929873
0.45564193520890	-1.3791530357344	162.42520869823
0.45666584967004	5.4574041008808	172.15347681425
0.45768976413118	8.6562626738025	163.58488083755
0.45871367859233	-1.7225561966238	168.23396193050
0.45973759305347	6.5844157517653	177.20634874862
0.46076150751461	8.2518026708645	167.96713936239
0.46178542197576	-1.9411221135096	174.46300777588
0.46280933643690	7.7523223436515	182.44277203086
0.46383325089804	7.7234671853155	172.75219517561
0.46485716535919	-2.0150291898193	181.13513498479
0.46588107982033	8.9435838358558	187.89089477976
0.46690499428147	7.0773158560787	178.00006030335
0.46792890874262	-1.9249838788731	188.27589017447
0.46895282320376	10.139485018888	193.58670791554
0.46997673766491	6.3226740928878	183.77696391363
0.47100065212605	-1.6524453661695	195.91470346745
0.47202456658719	11.320419406773	199.57540611553
0.47304848104834	5.4722947590214	190.15634532865
0.47407239550948	-1.1797363582858	204.08636075881
0.47509630997062	12.466303492259	205.91301143886
0.47612022443177	4.5426033831381	197.22011928157
0.47714413889291	-0.49006112478651	212.83273883269
0.47816805335405	13.556975657077	212.66824815852
0.47919196781520	3.5538589617157	205.06036451702
0.48021588227634	0.43250031334005	222.20507567961
0.48123979673749	14.572658682230	219.92496528794
0.48226371119863	2.5304290712796	213.78163199553
0.48328762565977	1.6031848231588	232.26681939598
0.48431154012092	15.494505770086	227.78513121446
0.48533545458206	1.5011301472900	223.50398570208
0.48635936904320	3.0368571798855	243.09724756415
0.48738328350435	16.305168057613	236.37270631381
0.48840719796549	0.49967573452698	234.36717097438
0.48943111242663	4.7485818648876	254.79623269338
0.49045502688778	16.989564521756	245.83873363158
0.49147894134892	-0.43457707482266	246.53618119367
0.49250285581006	6.7545033678836	267.49037378228
0.49352677027121	17.535735475657	256.36805717423
0.49455068473235	-1.2556240424512	260.20889061456
0.49557459919350	9.0731409870696	281.34125850036
0.49659851365464	17.935996505086	268.18850524499
0.49762242811578	-1.9091986104812	275.62655909227
0.49864634257693	11.727336010642	296.55656204049
0.49967025703807	18.188399978699	281.58350544759
0.50069417149921	-2.3304243010120	293.08856564560
0.50171808596036	14.747136224030	313.40551620942
0.50274200042150	18.298901701675	296.90992772819
0.50376591488264	-2.4400676720982	312.97329735964
0.50478982934379	18.174163013443	332.24066213367
0.50581374380493	18.284527071643	314.62368452520
0.50683765826607	-2.1387142594862	335.76839092633
0.50786157272722	22.068261714840	353.52933351496
0.50888548718836	18.178244605565	335.31747338770
0.50990940164951	-1.2974204248015	362.11565541271
0.51093331611065	26.518125778027	377.90051794025
0.51195723057179	18.037080302408	359.77773791385
0.51298114503294	0.25771069420587	392.87923705614
0.51400505949408	31.658488078732	406.21647114019
0.51502897395522	17.955760697584	389.07338436088
0.51605288841637	2.7716664792866	429.25277404279
0.51707680287751	37.699374863288	439.68634606201
0.51810071733865	18.091258957359	424.69887696075
0.51912463179980	6.6069393176766	472.93385852376
0.52014854626094	44.978319901812	480.05342357914
0.52117246072208	18.709058331859	468.81441709432
0.52219637518323	12.329662793478	526.42064105018
0.52322028964437	54.058583478936	529.91877197657
0.52424420410552	20.276037365765	524.67003853154
0.52526811856666	20.880539528907	593.54322287520
0.52629203302780	65.927700873127	593.33207658489
0.52731594748895	23.660426334402	597.39942714165
0.52833986195009	33.939400169078	680.47821880967
0.52936377641123	82.433214951768	676.94813472230
0.53038769087238	30.604330952161	695.62212231003
0.53141160533352	54.785349987710	797.84631318725
0.53243551979466	107.34985818928	792.49232153454
0.53345943425581	44.979727476148	834.99562588929
0.53448334871695	90.603121303085	965.51141368485
0.53550726317810	149.39237865019	962.63462022306
0.53653117763924	76.702836047410	1047.1344187861
0.53755509210038	159.87127224424	1225.1401736261
0.53857900656153	232.61664355151	1237.2184543821
0.53960292102267	157.09570498477	1406.1205783421
0.54062683548381	323.14171210122	1679.5872044368
0.54165074994496	445.17099631850	1747.9392712948
0.54267466440610	425.76195161777	2127.5107354062
0.54369857886724	880.76997453931	2645.9384560182
0.54472249332839	1326.4015146025	2924.8511751801
0.54574640778953	2079.6843147839	3939.9268688840
0.54677032225067	4980.0127418953	4392.8178621946
0.54779423671182	7924.6642279648	1237.9205003405
0.54881815117296	6728.6047915628	-3236.4656041980
0.54984206563411	3198.1987085847	-4359.6000696396
0.55086598009525	1514.9538852125	-3186.6273178945
0.55188989455639	1143.6985435409	-2649.5118158180
0.55291380901754	581.39298503115	-2307.3779341610
0.55393772347868	404.50501604065	-1751.4653010905
0.55496163793982	423.86798186115	-1605.0438754787
0.55598555240097	198.91715952308	-1449.2631991940
0.55700946686211	186.55929267123	-1162.2228809589
0.55803338132325	224.40657300808	-1129.4558780227
0.55905729578440	86.757169010917	-1034.2320707625
0.56008121024554	112.92245149115	-857.79694142400
0.56110512470668	140.10763504050	-864.35671708990
0.56212903916783	41.556566248675	-792.60263351208
0.56315295362897	80.323651293876	-673.99239970559
0.56417686809012	95.447295893867	-695.88988952478
0.56520078255126	20.167124214048	-634.84662763484
0.56622469701240	63.307961169193	-551.60503315317
0.56724861147355	68.228925844978	-579.18757704651
0.56827252593469	9.2295002095496	-523.77391676291
0.56929644039583	53.303174505826	-464.53614986522
0.57032035485698	50.002399905259	-493.27988962228
0.57134426931812	3.5557646552360	-441.32223024374
0.57236818377926	46.806413907020	-399.56537455615
0.57339209824041	36.967397018926	-427.11596019159
0.57441601270155	0.79762202865116	-377.69702357167
0.57543992716269	42.186037518890	-349.29401087410
0.57646384162384	27.203567021095	-374.34051538207
0.57748775608498	-0.23519325497775	-327.13646987095
0.57851167054613	38.608289436315	-309.25996870553
0.57953558500727	19.653203302815	-331.04956668480
0.58055949946841	-0.20216527264354	-286.03170187348
0.58158341392956	35.618479356995	-276.61126836478
0.58260732839070	13.693501518210	-294.71915158873
0.58363124285184	0.50318419648309	-252.00661790388
0.58465515731299	32.957641934736	-249.43861433103
0.58567907177413	8.9370280162672	-263.64990022498
0.58670298623527	1.6304855537679	-223.43104890272
0.58772690069642	30.475114194753	-226.41457264118
0.58875081515756	5.1311384756524	-236.65954231135
0.58977472961871	3.0112834343660	-199.14709665138
0.59079864407985	28.083568892131	-206.58710308223
0.59182255854099	2.1037004749721	-212.90314719749
0.59284647300214	4.5266556290164	-178.30716367564
0.59387038746328	25.734547312730	-189.25561162756
0.59489430192442	-0.26774255820297	-191.76326825635
0.59591821638557	6.0891933178145	-160.27405027298
0.59694213084671	23.404332717459	-173.89346546949
0.59796604530785	-2.0742831075518	-172.78009112018
0.59898995976900	7.6326168465055	-144.55707253152
0.60001387423014	21.085431461404	-160.09785758116
0.60103778869128	-3.3868737908188	-155.60554073697
0.60206170315243	9.1056213335796	-130.77002725027
0.60308561761357	18.781166630355	-147.55644440099
0.60410953207472	-4.2634696392372	-139.97226951994
0.60513344653586	10.468055716896	-118.60278854954
0.60615736099700	16.502054228542	-136.02446503991
0.60718127545815	-4.7536382426307	-125.67207788256
0.60820518991929	11.688552301961	-107.80165641577
0.60922910438043	14.263342697804	-125.30866753872
0.61025301884158	-4.9015002428715	-112.54060654726
0.61127693330272	12.743042857840	-98.155602644238
0.61230084776386	12.083220104542	-115.25584341419
0.61332476222501	-4.7476850208782	-100.44628135636
0.61434867668615	13.613735104337	-89.486457447000
0.61537259114729	9.9814362079459	-105.74440765380
0.61639650560844	-4.3305994354218	-89.282139873066
0.61742042006958	14.288407025123	-81.641793634277
0.61844433453073	7.9782526006359	-96.678084006402
0.61946824899187	-3.6871923244198	-78.959734155095
0.62049216345301	14.759868335127	-74.489761723673
0.62151607791416	6.0935539976329	-87.981065070887
0.62253999237530	-2.8533977802293	-69.404443947489
0.62356390683644	15.025595438754	-67.915229079526
0.62458782129759	4.3462259514459	-79.594251395473
0.62561173575873	-1.8642832795744	-60.551986773997
0.62663565021987	15.087374515784	-61.817023732522
0.62765956468102	2.7535398915979	-71.472298475314
0.62868347914216	-0.75413693467569	-52.345692486870
0.62970739360330	14.950927080982	-56.105786858521
0.63073130806445	1.3306897315231	-63.581118102535
0.63175522252559	0.44367344889137	-44.734361271765
0.63277913698674	14.625640537795	-50.702400252711
0.63380305144788	0.090454908044816	-55.895902203630
0.63482696590902	1.6968734516902	-37.670703665852
0.63585088037017	14.124187974468	-45.536829142854
0.63687479483131	-0.95714008244816	-48.399418573778
0.63789870929245	2.9744688369751	-31.110086151288
0.63892262375360	13.462134738534	-40.547155863319
0.63994653821474	-1.8050240057130	-41.080461182004
0.64097045267588	4.2470952857025	-25.009557770417
0.64199436713703	12.657652344678	-35.678909175043
0.64301828159817	-2.4491924439483	-33.932667345175
0.64404219605932	5.4872369455018	-19.327252124391
0.64506611052046	11.731018557462	-30.884490752217
0.64609002498160	-2.8888185669221	-26.953302998745
0.64711393944275	6.6695572617380	-14.021848260620
0.64813785390389	10.704263866794	-26.122724569902
0.64916176836503	-3.1262505781996	-20.142315696968
0.65018568282618	7.7711120120727	-9.0522899839286
0.65120959728732	9.6006824782230	-21.358406288359
0.65223351174846	-3.1669311385504	-13.501352819285
0.65325742620961	8.7716813790862	-4.3775939947881
0.65428134067075	8.4444471940784	-16.561998369264
0.65530525513189	-3.0192956198725	-7.0330275010996
0.65632916959304	9.6539226391110	0.043184167378929
0.65735308405418	7.2601117511020	-11.709249826394
0.65837699851533	-2.6946013378166	-0.74014629757137
0.65940091297647	10.403570024730	4.2509427848500
0.66042482743761	6.0721824175117	-6.7808435053865
0.66144874189876	-2.2066895859184	5.3749438046635
0.66247265635990	11.009586807101	8.2864360317440
0.66349657082104	4.9047050594469	-1.7620440898034
0.66452048528219	-1.5716959600257	11.310907877045
0.66554439974333	11.464250043638	12.190088755336
0.66656831420447	3.7808262366523	3.3576630602618
0.66759222866562	-0.80775515100469	17.067930772184
0.66861614312676	11.763184990047	16.001811458475
0.66964005758790	2.7224035499037	8.5849713860681
0.67066397204905	0.065338473022204	22.648141516457
0.67168788651019	11.905326003695	19.760790657370
0.67271180097134	1.7496373403190	13.923223819709
0.67373571543248	1.0265525560423	28.056018643967
0.67475962989362	11.892922201653	23.505244788587
0.67578354435477	0.88078770267292	19.372800867313
0.67680745881591	2.0539951717062	33.298612041152
0.67783137327705	11.731356279253	27.272158675405
0.67885528773820	0.13183798109118	24.931627352480
0.67987920219934	3.1253222495865	38.385820921564
0.68090311666048	11.429009131168	31.097078227408
0.68192703112163	-0.48371560309205	30.595657474895
0.68295094558277	4.2181479876315	43.330530917686
0.68397486004391	10.997012512207	35.013898536167
0.68499877450506	-0.95507525190476	36.359429200118
0.68602268896620	5.3104716929655	48.148763538767
0.68704660342735	10.449031876795	39.054707048756
0.68807051788849	-1.2742358148951	42.216594809421
0.68909443234963	6.3811065880268	52.859701690139
0.69011834681078	9.8009803231373	43.249613212950
0.69114226127192	-1.4360719918720	48.160438292007
0.69216617573306	7.4100302481139	57.485662431742
0.69319009019421	9.0706321065043	47.626665883171
0.69421400465535	-1.4383982542208	54.184499768916
0.69523791911649	8.3787741446208	62.052130611797
0.69626183357764	8.2773430810678	52.211843877909
0.69728574803878	-1.2818751395531	60.283108933648
0.69830966249993	9.2707627697151	66.587628516396
0.69933357696107	7.4416478565061	57.029057700591
0.70035749142221	-0.96994377889609	66.451969865634
0.70138140588336	10.071614173751	71.123636686603
0.70240532034450	6.5848954469294	62.100251953407
0.70342923480564	-0.50866623227293	72.688723311694
0.70445314926679	10.769398664740	75.694460680844
0.70547706372793	5.7288481261110	67.445565904600
0.70650097818907	0.093449813129330	78.993526500025
0.70752489265022	11.354843043857	80.337140780241
0.70854880711136	4.8953156500742	73.083623614262
0.70957272157250	0.82574181029551	85.369647898499
0.71059663603365	11.821559551051	85.091330770972
0.71162055049479	4.1058265556688	79.031820594805
0.71264446495594	1.6756723787030	91.823975130570
0.71366837941708	12.166120853719	89.999187331056
0.71469229387822	3.3812446451080	85.306778848881
0.71571620833937	2.6291633898025	98.367626560211
0.71674012280051	12.388165778403	95.105344791384
0.71776403726165	2.7414828110999	91.924877570749
0.71878795172280	3.6709911206621	105.01652951541
0.71981186618394	12.490470070947	100.45691486458
0.72083578064508	2.2052595248279	98.902840271406
0.72185969510623	4.7851654441152	111.79195077826
0.72288360956737	12.478862188399	106.10356020228
0.72390752402851	1.7898125451103	106.25854910700
0.72493143848966	5.9553787497107	118.72121788234
0.72595535295080	12.362267515344	112.09773832700
0.72697926741195	1.5108234297930	114.01189782663
0.72800318187309	7.1655039557073	125.83832107835
0.72902709633423	12.152621471017	118.49496051612
0.73005101079538	1.3822691066412	122.18578446629
0.73107492525652	8.4000182522106	133.18466945956
0.73209883971766	11.864741191695	125.35433284536
0.73312275417881	1.4164050895335	130.80737475550
0.73414666863995	9.6445568996699	140.80999135497
0.73517058310109	11.516289036019	132.73925405616
0.73619449756224	1.6238582038791	139.90946354242
0.73721841202338	10.886426091313	148.77331205779
0.73824232648452	11.127656469515	140.71837995767
0.73926624094567	2.0137749624857	149.53213870040
0.74029015540681	12.115141520939	157.14419232732
0.74131406986796	10.721874621418	149.36695469471
0.74233798432910	2.5940937057981	159.72481439108
0.74336189879024	13.323074370267	166.00432591298
0.74438581325139	10.324704459252	158.76854848121
0.74540972771253	3.3720299201184	170.54852741798
0.74643364217367	14.506074742215	175.44938176163
0.74745755663482	9.9646221067813	169.01730666053
0.74848147109596	4.3545833265854	182.07889372549
0.74950538555710	15.664193572883	185.59159474392
0.75052930001825	9.6730759662397	180.22101441791
0.75155321447939	5.5494055225016	194.40974617458
0.75257712894054	16.802632788530	196.56303151366
0.75360104340168	9.4849842443485	192.50497136059
0.75462495786282	6.9659017697863	207.65756184446
0.75564887232397	17.932738565327	208.51979819416
0.75667278678511	9.4393057051640	206.01716249229
0.75769670124625	8.6165802536193	221.96739566580
0.75872061570740	19.073408159990	221.64795470952
0.75974453016854	9.5803233867952	220.93520168545
0.76076844462968	10.519150773188	237.52040899475
0.76179235909083	20.252964862187	236.17116504732
0.76281627355197	9.9593483213500	237.47545480862
0.76384018801311	12.699125193024	254.54396030982
0.76486410247426	21.511674289287	252.36141620511
0.76588801693540	10.637480901793	255.90562929517
0.76691193139655	15.193696122240	273.32527022165
0.76793584585769	22.905479561832	270.55370619560
0.76895976031883	11.689752313573	276.56195805076
0.76998367477998	18.057152828289	294.23026323623
0.77100758924112	24.511435724233	291.16680439860
0.77203150370226	13.211485232968	299.87338786005
0.77305541816341	21.368881034605	317.73019010019
0.77407933262455	26.435985118556	314.73307837986
0.77510324708569	15.328277397919	326.39631810441
0.77612716154684	25.245691907231	344.44006969268
0.77715107600798	28.828055731482	341.94201141636
0.77817499046912	18.211841340936	356.86535113637
0.77919890493027	29.861025744645	375.17553320295
0.78022281939141	31.900095155277	373.70556337694
0.78124673385256	22.105948492146	392.26991811258
0.78227064831370	35.476514527429	411.03947439999
0.78329456277484	35.963580239457	411.25879513991
0.78431847723599	27.370442167606	433.97290375468
0.78534239169713	42.495451083993	453.55793246260
0.78636630615827	41.490597395145	456.32005893397
0.78739022061942	34.558773976685	483.90157053908
0.78841413508056	51.558298750977	504.90171090442
0.78943804954170	49.226670685848	511.35576743108
0.79046196400285	44.561982384191	544.86697232457
0.79148587846399	63.722724479856	568.26295802883
0.79250979292513	60.409166647069	580.03768134403
0.79353370738628	58.892424968759	621.12403009951
0.79455762184742	80.825320273432	648.52745588110
0.79558153630857	77.219248040889	668.07579666852
0.79660545076971	80.285637015058	719.41130882566
0.79762936523085	106.26995806371	753.54856943890
0.79865327969200	103.80187674547	784.83317955340
0.79967719415314	114.10061425820	851.01304444620
0.80070110861428	146.92539787526	896.73622708047
0.80172502307543	148.83018443476	946.70082702852
0.80274893753657	171.98776253980	1036.1842903949
0.80377285199771	218.32679543471	1102.7671645061
0.80479676645886	232.94157831587	1184.7818802311
0.80582068092000	283.13619966142	1314.5043474819
0.80684459538115	361.65307915151	1421.2697768638
0.80786850984229	414.93719306519	1563.7808741896
0.80889242430343	537.13822661504	1770.4015562144
0.80991633876458	714.37328265423	1959.4576159233
0.81094025322572	912.92194882005	2223.1056300453
0.81196416768686	1304.1382527071	2570.4116406283
0.81298808214801	1911.7845684999	2865.8241528988
0.81401199660915	2846.1738101152	3144.8774621343
0.81503591107029	4451.7751266366	2926.2168437131
0.81605982553144	6026.9184720545	1280.6597286795
0.81708373999258	6034.3273105210	-1263.9496920381
0.81810765445372	4482.4951520265	-2917.7970589880
0.81913156891487	2879.5803693773	-3166.1254257782
0.82015548337601	1925.4702936107	-2890.9402918504
0.82117939783716	1324.0419351414	-2588.4801063553
0.82220331229830	932.95522764871	-2257.0263740035
0.82322722675944	718.63385371035	-1989.3580585971
0.82425114122059	551.20298071188	-1792.1201599742
0.82527505568173	428.91637935970	-1600.1895622845
0.82629897014287	361.95961896640	-1451.1919245743
0.82732288460402	295.14363318573	-1337.6066675693
0.82834679906516	243.39602183602	-1222.3265415626
0.82937071352630	216.68237281722	-1131.9357980042
0.83039462798745	183.24874795354	-1060.3485624459
0.83141854244859	156.70745532477	-984.94817895222
0.83244245690973	144.29115366523	-924.95760521099
0.83346637137088	125.14176411541	-876.23886313052
0.83449028583202	109.54288527983	-823.52443468230
0.83551420029317	103.22455910883	-780.79270947026
0.83653811475431	91.315242194749	-745.77191029292
0.83756202921545	81.071146318295	-706.99968016602
0.83858594367660	77.771593606533	-674.83773465895
0.83960985813774	69.962392404303	-648.70473682228
0.84063377259888	62.539423211273	-619.00078678729
0.84165768706003	60.965535432168	-593.72766532601
0.84268160152117	55.636600783220	-573.74360864000
0.84370551598231	49.772253250790	-550.17509032775
0.84472943044346	49.338334255648	-529.64171433930
0.84575334490460	45.549571162473	-514.13122338444
0.84677725936574	40.581480362533	-494.82269207927
0.84780117382689	41.004813552915	-477.71962558883
0.84882508828803	38.156408953628	-465.58926301653
0.84984900274918	33.734645028466	-449.28396552222
0.85087291721032	34.866381520066	-434.78970409838
0.85189683167146	32.546717914536	-425.28114334935
0.85292074613261	28.496657068163	-411.10751325693
0.85394466059375	30.245324401254	-398.69684733707
0.85496857505489	28.157429273888	-391.25300535129
0.85599248951604	24.408275260482	-378.59303990807
0.85701640397718	26.703173292918	-367.92636428658
0.85804031843832	24.626729622831	-362.11553292889
0.85906423289947	21.171003698493	-350.52657838472
0.86008814736061	23.944275832272	-341.38242210325
0.86111206182176	21.715034116233	-336.85378736520
0.86213597628290	18.583958060690	-326.01978298389
0.86315989074404	21.762211867846	-318.25186246409
0.86418380520519	19.260384067392	-314.70914739046
0.86520771966633	16.507721556498	-304.40910262633
0.86623163412747	20.008370373432	-297.91801513145
0.86725554858862	17.151415533285	-295.10357716464
0.86827946304976	14.842219932967	-285.18982024958
0.86930337751090	18.572885436302	-279.90360729070
0.87032729197205	15.310979598438	-277.58913570292
0.87135120643319	13.513382092980	-267.97189158870
0.87237512089433	17.372886068934	-263.83254589683
0.87339903535548	13.685627805645	-261.81383392003
0.87442294981662	12.464596116587	-252.44969315694
0.87544686427777	16.344851112574	-249.40371515994
0.87647077873891	12.238406127078	-247.49791048086
0.87749469320005	11.650933381221	-238.38052787849
0.87851860766120	15.439651056768	-236.37226023013
0.87954252212234	10.944218724875	-234.41690889103
0.88056643658348	11.035455043402	-225.56944791518
0.88159035104463	14.618977648493	-224.53643218503
0.88261426550577	9.7862204070796	-222.38923516525
0.88363817996691	10.586750241801	-213.85769813776
0.88466209442806	13.853322905711	-213.72780034375
0.88568600888920	8.7536805554107	-211.26722937423
0.88670992335034	10.277343835857	-203.11468138187
0.88773383781149	13.120154371204	-203.80442151721
0.88875775227263	7.8399028514174	-200.93034855478
0.88978166673378	10.082445515293	-193.23150383981
0.89080558119492	12.402724664581	-194.64543216573
0.89182949565606	7.0409120115874	-191.27984653053
0.89285341011721	9.9793200128699	-184.11611932772
0.89387732457835	11.689278019836	-186.14710835147
0.89490123903949	6.3544899652816	-182.23476799951
0.89592515350064	9.9468848060425	-175.68975904044
0.89694906796178	10.972272449033	-178.22001700191
0.89797298242292	5.7792048086180	-173.72875290202
0.89899689688407	9.9653598634924	-167.88399120025
0.90002081134521	10.247769470673	-170.78664149893
0.90104472580635	5.3137924756901	-165.70733793316
0.90206864026750	10.016248824418	-160.63842469254
0.90309255472864	9.5150471109374	-163.77963622768
0.90411646918979	4.9567490181596	-158.12589423978
0.90514038365093	10.082375382656	-153.89909889772
0.90616429811207	8.7760929649734	-157.14060697708
0.90718821257322	4.7058054328099	-150.94791147284
0.90821212703436	10.147812031087	-147.61708339868
0.90923604149550	8.0351291424957	-150.81891921473
0.91025995595665	4.5576983251419	-144.14337343030
0.91128387041779	10.198122934101	-141.74740827767
0.91230778487893	7.2983166410038	-144.77093851067
0.91333169934008	4.5079608052138	-137.68761213803
0.91435561380122	10.220385577703	-136.24834588525
0.91537952826237	6.5732490938464	-138.95928963985
0.91640344272351	4.5507747915463	-131.56008042359
0.91742735718465	10.203416933725	-131.08072726455
0.91845127164580	5.8687149786127	-133.35227546537
0.91947518610694	4.6790353292044	-125.74350885062
0.92049910056808	10.137908003116	-126.20770768827
0.92152301502923	5.1941779965327	-127.92351270349
0.92254692949037	4.8841554542801	-120.22305444350
0.92357084395151	10.016421999538	-121.59430972992
0.92459475841266	4.5594776022550	-122.65128062593
0.92561867287380	5.1563332672579	-114.98551373472
0.92664258733494	9.8336410658683	-117.20736221314
0.92766650179609	3.9744854541173	-117.51826018314
0.92869041625723	5.4845983064902	-110.01878830842
0.92971433071838	9.5863415318577	-113.01544482425
0.93073824517952	3.4486847010812	-112.51111707147
0.93176215964066	5.8569161059535	-105.31128193683
0.93278607410181	9.2734164832006	-108.98876680713
0.93380998856295	2.9909475425483	-107.62001207261
0.93483390302409	6.2605605715078	-100.85146174704
0.93585781748524	8.8959695136852	-105.09936468740
0.93688173194638	2.6091901507036	-102.83840050907
0.93790564640752	6.6821751213971	-96.627579263843
0.93892956086867	8.4570658961448	-101.32112058082
0.93995347532981	2.3100182498809	-98.162445720749
0.94097738979095	7.1081169378291	-92.627175493552
0.94200130425210	7.9618326449207	-97.629794308180
0.94302521871324	2.0986824403928	-93.590700617758
0.94404913317439	7.5248086713845	-88.837040330402
0.94507304763553	7.4172406140922	-94.003316265874
0.94609696209667	1.9787150178436	-89.123751881892
0.94712087655782	7.9188886595867	-85.242967564642
0.94814479101896	6.8319097762646	-90.421755059333
0.94916870548010	1.9518878983790	-84.763704333260
0.95019261994125	8.2776419792802	-81.829690952157
0.95121653440239	6.2159499930669	-86.867548483601
0.95224044886353	2.0180553831769	-80.513864633487
0.95326436332468	8.5891937700117	-78.580871849217
0.95428827778582	5.5806565906077	-83.325543709360
0.95531219224696	2.1751135662059	-76.378256675436
0.95633610670811	8.8428519314564	-75.479110374983
0.95736002116925	4.9382868736223	-79.783125910447
0.95838393563040	2.4189617088051	-72.361295347217
0.95940785009154	9.0292601726489	-72.506037703773
0.96043176455268	4.3017010858025	-76.230157917005
0.96145567901383	2.7436108966458	-68.467274745712
0.96247959347497	9.1407669820271	-69.642439231728
0.96350350793611	3.6841407482075	-72.659087209874
0.96452742239726	3.1412660084676	-64.700114331810
0.96555133685840	9.1715444365168	-66.868504555864
0.96657525131954	3.0988123113085	-69.064922678083
0.96759916578069	3.6023870004303	-61.062960982055
0.96862308024183	9.1177186519645	-64.163951636168
0.96964699470298	2.5586135228848	-65.445078781859
0.97067090916412	4.1159629433804	-57.557865841034
0.97169482362526	8.9775234494653	-61.508337515119
0.97271873808641	2.0757763017189	-61.799303712957
0.97374265254755	4.6696957846095	-54.185481156797
0.97476656700869	8.7513793839850	-58.881290370868
0.97579048146984	1.6615893348117	-58.129520155010
0.97681439593098	5.2502641543005	-50.944841870682
0.97783831039212	8.4418966875775	-56.262797294536
0.97886222485327	1.3261048734224	-54.439609431559
0.97988613931441	5.8436240116349	-47.833168968688
0.98091005377555	8.0538407152660	-53.633509499466
0.98193396823670	1.0778486445592	-50.735168438685
0.98295788269784	6.4353060066881	-44.845693466259
0.98398179715899	7.5940647397218	-50.975003620700
0.98500571162013	0.92360640092610	-47.023226965936
0.98602962608127	7.0107483275041	-41.975563380559
0.98705354054242	7.0713806974456	-48.270053976998
0.98807745500356	0.86824078995893	-43.311932374679
0.98910136946470	7.5556462576694	-39.213817884003
0.99012528392585	6.4963583183126	-45.502930041893
0.99114919838699	0.91445765040786	-39.610213919545
0.99217311284813	8.0562120742014	-36.549300468614
0.99319702730928	5.8811381464537	-42.659474450023
0.99422094177042	1.0628626890307	-35.927344950019
0.99524485623156	8.4996716385809	-33.968806310713
0.99626877069271	5.2391906211562	-39.727485503650
0.99729268515385	1.3117657542975	-32.272672863070
0.99831659961500	8.8744373119695	-31.457125817247
0.99934051407614	4.5850177758111	-36.696746222873
1.0003644285373	1.6572626126214	-28.655200316411
1.0013883429984	9.1704308692818	-28.997257779951
1.0024122574596	3.9337658562445	-33.559164951587
1.0034361719207	2.0932189477392	-25.083131169004
1.0044600863819	9.3793788795867	-26.570500412967
1.0054840008430	3.3009842466302	-30.308806860070
1.0065079153041	2.6114301508968	-21.563552061345
1.0075318297653	9.4950142347888	-24.156734071665
1.0085557442264	2.7022291300500	-26.941881237565
1.0095796586876	3.2017813411773	-18.102022179776
1.0106035731487	9.5133063164980	-21.734666549644
1.0116274876099	2.1527380806295	-23.456710923340
1.0126514020710	3.8524530532978	-14.702259520900
1.0136753165321	9.4325944743549	-19.282136602501
1.0146992309933	1.6670624813255	-19.853648417274
1.0157231454544	4.5501141003664	-11.365855841550
1.0167470599156	9.2535805054598	-16.776383274636
1.0177709743767	1.2586653044881	-16.134780064914
1.0187948888379	5.2802699493817	-8.0918440939722
1.0198188032990	8.9795241514301	-14.194294716099
1.0208427177602	0.93973410813287	-12.303777842815
1.0218666322213	6.0275968364169	-4.8765906698842
1.0228905466824	8.6161336681213	-11.512781368933
1.0239144611436	0.72079322727715	-8.3655808680256
